INFORMATION_NEED 105-5
precision 0,002
recall 1,000
F1 0,003
prec@10 0,643
average_precision 0,507
recall_precision
0,033 1,000
0,067 0,667
0,100 0,750
0,133 0,800
0,167 0,833
0,200 0,857
0,233 0,778
0,267 0,615
0,300 0,643
0,333 0,625
0,367 0,647
0,400 0,667
0,433 0,619
0,467 0,467
0,500 0,484
0,533 0,471
0,567 0,486
0,600 0,500
0,633 0,380
0,667 0,370
0,700 0,375
0,733 0,338
0,767 0,315
0,800 0,300
0,833 0,291
0,867 0,236
0,900 0,197
0,933 0,171
0,967 0,171
1,000 0,172
interpolated_recall_precision
0,000 1,000
0,100 0,857
0,200 0,857
0,300 0,667
0,400 0,667
0,500 0,500
0,600 0,500
0,700 0,375
0,800 0,300
0,900 0,197
1,000 0,172

INFORMATION_NEED 106-4
precision 0,003
recall 1,000
F1 0,006
prec@10 0,321
average_precision 0,264
recall_precision
0,019 1,000
0,038 1,000
0,057 0,500
0,075 0,571
0,094 0,625
0,113 0,500
0,132 0,467
0,151 0,320
0,170 0,321
0,189 0,286
0,208 0,297
0,226 0,286
0,245 0,265
0,264 0,280
0,283 0,294
0,302 0,281
0,321 0,288
0,340 0,295
0,358 0,271
0,377 0,282
0,396 0,280
0,415 0,278
0,434 0,256
0,453 0,264
0,472 0,248
0,491 0,210
0,509 0,214
0,528 0,215
0,547 0,220
0,566 0,213
0,585 0,218
0,604 0,219
0,623 0,192
0,642 0,179
0,660 0,179
0,679 0,168
0,698 0,164
0,717 0,168
0,736 0,162
0,755 0,158
0,774 0,156
0,792 0,152
0,811 0,138
0,830 0,130
0,849 0,129
0,868 0,115
0,887 0,114
0,906 0,112
0,925 0,107
0,943 0,106
0,962 0,096
0,981 0,007
1,000 0,005
interpolated_recall_precision
0,000 1,000
0,100 0,500
0,200 0,297
0,300 0,295
0,400 0,278
0,500 0,220
0,600 0,219
0,700 0,168
0,800 0,138
0,900 0,112
1,000 0,005

INFORMATION_NEED 107-2
precision 0,004
recall 1,000
F1 0,008
prec@10 1,000
average_precision 0,667
recall_precision
0,014 1,000
0,029 1,000
0,043 1,000
0,058 1,000
0,072 1,000
0,087 1,000
0,101 1,000
0,116 1,000
0,130 1,000
0,145 1,000
0,159 0,846
0,174 0,857
0,188 0,867
0,203 0,824
0,217 0,833
0,232 0,842
0,246 0,850
0,261 0,783
0,275 0,792
0,290 0,800
0,304 0,808
0,319 0,786
0,333 0,767
0,348 0,774
0,362 0,781
0,377 0,788
0,391 0,730
0,406 0,737
0,420 0,725
0,435 0,714
0,449 0,721
0,464 0,727
0,478 0,733
0,493 0,723
0,507 0,714
0,522 0,720
0,536 0,725
0,551 0,704
0,565 0,684
0,580 0,690
0,594 0,672
0,609 0,667
0,623 0,662
0,638 0,667
0,652 0,662
0,667 0,630
0,681 0,610
0,696 0,578
0,710 0,583
0,725 0,581
0,739 0,560
0,754 0,559
0,768 0,552
0,783 0,551
0,797 0,539
0,812 0,471
0,826 0,377
0,841 0,365
0,855 0,364
0,870 0,364
0,884 0,345
0,899 0,328
0,913 0,289
0,928 0,229
0,942 0,222
0,957 0,207
0,971 0,141
0,986 0,114
1,000 0,095
interpolated_recall_precision
0,000 1,000
0,100 1,000
0,200 0,850
0,300 0,808
0,400 0,737
0,500 0,725
0,600 0,667
0,700 0,583
0,800 0,471
0,900 0,289
1,000 0,095

INFORMATION_NEED 109-2
precision 0,002
recall 1,000
F1 0,003
prec@10 1,000
average_precision 0,532
recall_precision
0,026 1,000
0,053 1,000
0,079 1,000
0,105 1,000
0,132 1,000
0,158 1,000
0,184 1,000
0,211 1,000
0,237 1,000
0,263 1,000
0,289 0,917
0,316 0,923
0,342 0,722
0,368 0,667
0,395 0,682
0,421 0,667
0,447 0,586
0,474 0,600
0,500 0,500
0,526 0,444
0,553 0,389
0,579 0,386
0,605 0,324
0,632 0,316
0,658 0,305
0,684 0,295
0,711 0,237
0,737 0,243
0,763 0,246
0,789 0,130
0,816 0,129
0,842 0,129
0,868 0,123
0,895 0,096
0,921 0,087
0,947 0,063
0,974 0,020
1,000 0,009
interpolated_recall_precision
0,000 1,000
0,100 1,000
0,200 1,000
0,300 0,923
0,400 0,667
0,500 0,500
0,600 0,324
0,700 0,246
0,800 0,129
0,900 0,087
1,000 0,009

INFORMATION_NEED 208-1
precision 0,002
recall 1,000
F1 0,004
prec@10 0,008
average_precision 0,017
recall_precision
0,021 0,071
0,043 0,118
0,064 0,047
0,085 0,054
0,106 0,007
0,128 0,006
0,149 0,007
0,170 0,007
0,191 0,008
0,213 0,009
0,234 0,010
0,255 0,011
0,277 0,012
0,298 0,012
0,319 0,013
0,340 0,014
0,362 0,015
0,383 0,016
0,404 0,016
0,426 0,016
0,447 0,017
0,468 0,018
0,489 0,018
0,511 0,018
0,532 0,018
0,553 0,019
0,574 0,018
0,596 0,017
0,617 0,016
0,638 0,016
0,660 0,017
0,681 0,016
0,702 0,015
0,723 0,015
0,745 0,015
0,766 0,013
0,787 0,013
0,809 0,012
0,830 0,012
0,851 0,010
0,872 0,009
0,894 0,008
0,915 0,009
0,936 0,006
0,957 0,002
0,979 0,002
1,000 0,002
interpolated_recall_precision
0,000 0,118
0,100 0,019
0,200 0,019
0,300 0,019
0,400 0,019
0,500 0,019
0,600 0,017
0,700 0,015
0,800 0,012
0,900 0,009
1,000 0,002

TOTAL
precision 0,002
recall 1,000
F1 0,005
prec@10 0,595
MAP 0,398
interpolated_recall_precision
0,000 0,824
0,100 0,675
0,200 0,605
0,300 0,542
0,400 0,473
0,500 0,393
0,600 0,345
0,700 0,278
0,800 0,210
0,900 0,139
1,000 0,057
