INFORMATION_NEED 105-5
precision 0,003
recall 1,000
F1 0,005
prec@10 0,600
average_precision 0,474
recall_precision
0,033 1,000
0,067 1,000
0,100 0,750
0,133 0,800
0,167 0,833
0,200 0,857
0,233 0,778
0,267 0,800
0,300 0,600
0,333 0,625
0,367 0,579
0,400 0,500
0,433 0,520
0,467 0,483
0,500 0,500
0,533 0,516
0,567 0,333
0,600 0,346
0,633 0,345
0,667 0,317
0,700 0,296
0,733 0,265
0,767 0,198
0,800 0,174
0,833 0,166
0,867 0,165
0,900 0,146
0,933 0,144
0,967 0,105
1,000 0,076
interpolated_recall_precision
0,000 1,000
0,100 0,857
0,200 0,857
0,300 0,625
0,400 0,520
0,500 0,516
0,600 0,346
0,700 0,296
0,800 0,174
0,900 0,146
1,000 0,076

INFORMATION_NEED 106-4
precision 0,003
recall 1,000
F1 0,005
prec@10 0,474
average_precision 0,407
recall_precision
0,019 1,000
0,038 1,000
0,057 1,000
0,075 0,667
0,094 0,714
0,113 0,500
0,132 0,500
0,151 0,444
0,170 0,474
0,189 0,500
0,208 0,458
0,226 0,444
0,245 0,448
0,264 0,452
0,283 0,455
0,302 0,457
0,321 0,459
0,340 0,474
0,358 0,475
0,377 0,465
0,396 0,467
0,415 0,468
0,434 0,469
0,453 0,471
0,472 0,455
0,491 0,464
0,509 0,458
0,528 0,467
0,547 0,468
0,566 0,405
0,585 0,378
0,604 0,381
0,623 0,384
0,642 0,386
0,660 0,393
0,679 0,353
0,698 0,346
0,717 0,352
0,736 0,307
0,755 0,286
0,774 0,289
0,792 0,251
0,811 0,251
0,830 0,227
0,849 0,204
0,868 0,189
0,887 0,144
0,906 0,127
0,925 0,119
0,943 0,118
0,962 0,114
0,981 0,012
1,000 0,004
interpolated_recall_precision
0,000 1,000
0,100 0,500
0,200 0,475
0,300 0,475
0,400 0,471
0,500 0,468
0,600 0,393
0,700 0,352
0,800 0,251
0,900 0,127
1,000 0,004

INFORMATION_NEED 107-2
precision 0,004
recall 1,000
F1 0,009
prec@10 0,750
average_precision 0,479
recall_precision
0,014 1,000
0,029 1,000
0,043 1,000
0,058 1,000
0,072 0,833
0,087 0,857
0,101 0,700
0,116 0,727
0,130 0,750
0,145 0,667
0,159 0,688
0,174 0,667
0,188 0,684
0,203 0,667
0,217 0,625
0,232 0,571
0,246 0,586
0,261 0,581
0,275 0,594
0,290 0,606
0,304 0,618
0,319 0,629
0,333 0,639
0,348 0,649
0,362 0,641
0,377 0,634
0,391 0,628
0,406 0,583
0,420 0,592
0,435 0,577
0,449 0,554
0,464 0,542
0,478 0,550
0,493 0,540
0,507 0,530
0,522 0,514
0,536 0,487
0,551 0,409
0,565 0,390
0,580 0,370
0,594 0,366
0,609 0,368
0,623 0,361
0,638 0,361
0,652 0,360
0,667 0,365
0,681 0,351
0,696 0,331
0,710 0,320
0,725 0,323
0,739 0,319
0,754 0,319
0,768 0,303
0,783 0,302
0,797 0,276
0,812 0,279
0,826 0,238
0,841 0,239
0,855 0,197
0,870 0,195
0,884 0,154
0,899 0,152
0,913 0,145
0,928 0,130
0,942 0,101
0,957 0,093
0,971 0,081
0,986 0,068
1,000 0,046
interpolated_recall_precision
0,000 1,000
0,100 0,750
0,200 0,667
0,300 0,649
0,400 0,592
0,500 0,530
0,600 0,368
0,700 0,323
0,800 0,279
0,900 0,145
1,000 0,046

INFORMATION_NEED 109-2
precision 0,005
recall 1,000
F1 0,009
prec@10 1,000
average_precision 0,600
recall_precision
0,026 1,000
0,053 1,000
0,079 1,000
0,105 1,000
0,132 1,000
0,158 1,000
0,184 1,000
0,211 1,000
0,237 1,000
0,263 0,769
0,289 0,733
0,316 0,750
0,342 0,722
0,368 0,737
0,395 0,556
0,421 0,552
0,447 0,548
0,474 0,563
0,500 0,559
0,526 0,571
0,553 0,568
0,579 0,537
0,605 0,523
0,632 0,533
0,658 0,481
0,684 0,491
0,711 0,450
0,737 0,459
0,763 0,397
0,789 0,380
0,816 0,373
0,842 0,376
0,868 0,337
0,895 0,236
0,921 0,189
0,947 0,155
0,974 0,139
1,000 0,101
interpolated_recall_precision
0,000 1,000
0,100 1,000
0,200 1,000
0,300 0,750
0,400 0,571
0,500 0,571
0,600 0,533
0,700 0,459
0,800 0,376
0,900 0,189
1,000 0,101

INFORMATION_NEED 208-1
precision 0,002
recall 1,000
F1 0,004
prec@10 0,900
average_precision 0,442
recall_precision
0,021 1,000
0,043 1,000
0,064 1,000
0,085 1,000
0,106 1,000
0,128 1,000
0,149 1,000
0,170 0,889
0,191 0,900
0,213 0,714
0,234 0,733
0,255 0,750
0,277 0,765
0,298 0,737
0,319 0,714
0,340 0,640
0,362 0,654
0,383 0,621
0,404 0,633
0,426 0,588
0,447 0,583
0,468 0,500
0,489 0,411
0,511 0,338
0,532 0,338
0,553 0,329
0,574 0,321
0,596 0,187
0,617 0,190
0,638 0,170
0,660 0,136
0,681 0,121
0,702 0,120
0,723 0,123
0,745 0,079
0,766 0,065
0,787 0,065
0,809 0,059
0,830 0,055
0,851 0,052
0,872 0,039
0,894 0,038
0,915 0,035
0,936 0,023
0,957 0,018
0,979 0,013
1,000 0,007
interpolated_recall_precision
0,000 1,000
0,100 1,000
0,200 0,765
0,300 0,714
0,400 0,633
0,500 0,338
0,600 0,190
0,700 0,123
0,800 0,059
0,900 0,035
1,000 0,007

TOTAL
precision 0,003
recall 1,000
F1 0,007
prec@10 0,745
MAP 0,480
interpolated_recall_precision
0,000 1,000
0,100 0,821
0,200 0,753
0,300 0,643
0,400 0,557
0,500 0,485
0,600 0,366
0,700 0,310
0,800 0,228
0,900 0,128
1,000 0,047
