INFORMATION_NEED 105-5
precision 0,267
recall 0,400
F1 0,320
prec@10 0,600
average_precision 0,715
recall_precision
0,033 1,000
0,067 1,000
0,100 1,000
0,133 1,000
0,167 0,714
0,200 0,667
0,233 0,700
0,267 0,615
0,300 0,600
0,333 0,588
0,367 0,367
0,400 0,324
interpolated_recall_precision
0,000 1,000
0,100 1,000
0,200 0,700
0,300 0,588
0,400 0,324
0,500 0,000
0,600 0,000
0,700 0,000
0,800 0,000
0,900 0,000
1,000 0,000

INFORMATION_NEED 106-4
precision 0,311
recall 0,264
F1 0,286
prec@10 0,333
average_precision 0,394
recall_precision
0,019 0,500
0,038 0,667
0,057 0,600
0,075 0,500
0,094 0,385
0,113 0,429
0,132 0,280
0,151 0,308
0,170 0,333
0,189 0,286
0,208 0,297
0,226 0,316
0,245 0,302
0,264 0,318
interpolated_recall_precision
0,000 0,667
0,100 0,429
0,200 0,318
0,300 0,000
0,400 0,000
0,500 0,000
0,600 0,000
0,700 0,000
0,800 0,000
0,900 0,000
1,000 0,000

INFORMATION_NEED 107-2
precision 0,422
recall 0,275
F1 0,333
prec@10 0,429
average_precision 0,520
recall_precision
0,014 1,000
0,029 0,500
0,043 0,600
0,058 0,571
0,072 0,625
0,087 0,545
0,101 0,583
0,116 0,615
0,130 0,429
0,145 0,417
0,159 0,407
0,174 0,429
0,188 0,448
0,203 0,467
0,217 0,484
0,232 0,432
0,246 0,447
0,261 0,450
0,275 0,422
interpolated_recall_precision
0,000 1,000
0,100 0,615
0,200 0,484
0,300 0,000
0,400 0,000
0,500 0,000
0,600 0,000
0,700 0,000
0,800 0,000
0,900 0,000
1,000 0,000

INFORMATION_NEED 109-2
precision 0,222
recall 0,263
F1 0,241
prec@10 0,250
average_precision 0,679
recall_precision
0,026 1,000
0,053 1,000
0,079 1,000
0,105 0,667
0,132 0,714
0,158 0,750
0,184 0,583
0,211 0,571
0,237 0,250
0,263 0,256
interpolated_recall_precision
0,000 1,000
0,100 0,750
0,200 0,571
0,300 0,000
0,400 0,000
0,500 0,000
0,600 0,000
0,700 0,000
0,800 0,000
0,900 0,000
1,000 0,000

INFORMATION_NEED 208-1
precision 0,289
recall 0,277
F1 0,283
prec@10 0,346
average_precision 0,478
recall_precision
0,021 1,000
0,043 1,000
0,064 0,600
0,085 0,400
0,106 0,417
0,128 0,375
0,149 0,412
0,170 0,444
0,191 0,346
0,213 0,323
0,234 0,306
0,255 0,300
0,277 0,295
interpolated_recall_precision
0,000 1,000
0,100 0,444
0,200 0,323
0,300 0,000
0,400 0,000
0,500 0,000
0,600 0,000
0,700 0,000
0,800 0,000
0,900 0,000
1,000 0,000

TOTAL
precision 0,302
recall 0,296
F1 0,293
prec@10 0,392
MAP 0,557
interpolated_recall_precision
0,000 0,933
0,100 0,648
0,200 0,479
0,300 0,118
0,400 0,065
0,500 0,000
0,600 0,000
0,700 0,000
0,800 0,000
0,900 0,000
1,000 0,000
